789506120
571915867
2143189705
1364486196
548120448
1780500816
993396157
1088735101
1011353526
1306020995
151537107
1696718969
1995361909
665932056
765817022
1784673740
1707167348
1503392411
855687619
1521147785
1101090684
1101613909
1814653410
1863873342
1976647247
64074019
1106814282
1433254678
229986650
1707851509
279892637
442921157
325570794
1985413396
1650204036
1410397358
524382614
325898127
702833766
1502385020
868580857
1884392059
517234150
740358061
339535391
1709604652
1543255831
838094499
202348059
386400459
1085701691
1335337082
652658627
1566874763
1993744611
1521522321
609954304
535303304
1380308814
963264725
1616174703
571300353
1497890897
132071348
1298882467
658990937
1836552447
221645687
1082939755
225411715
1782220567
856704340
1856775266
1379514684
520868950
2142286454
1270928541
1431663848
2109039920
714423902
869288104
1005385149
1416406457
979007814
10706957
1281040949
1331003671
2069679765
1715780576
1362156198
2129028466
1806057609
509160176
563830573
279361630
850241936
959725113
2138074579
640076703
1176645534
1591414121
1089850663
929314916
185639249
1407863670
1508404138
395628538
1711303231
1195483380
464527610
79948394
1025851891
485811647
832421824
1867875910
1206789398
650157383
1596798826
2017997452
15617822
1060767135
431503827
1133224421
1359214332
1249627394
1792522481
1165982255
625933011
1177549293
2127914303
1696615757
435286799
1565662227
1835066902
880832154
1509885810
1864592856
1634050597
731230156
1655756360
283816953
590226425
1478926566
209060648
368069498
1215759115
525620358
66641140
553135045
1906344201
1648845719
751438497
632493130
1830027773
1867277561
622753519
1921804330
771985638
941886262
1208057911
299395649
1988052721
491681199
60578928
60948457
2036506042
574534080
544115725
479425859
203573570
1303831872
1878597962
1222978558
762616575
2146539139
1965587133
1027214956
1936205750
829194288
1003425822
1221859304
193202779
1565453060
113240244
71875741
1424719656
1794700793
337260139
655375912
1437091658
1714857715
694053351
2034448920
1449414446
865803673
587640297
1558979641
1999360877
92641545
1805286209
1902507792
1730837914
1519237168
260852692
1817977216
1857056005
830298550
1932663062
480115367
1030719487
143244129
1399139836
1084895027
477769945
1018912684
1631744413
1465214210
1112563620
264540782
2030330903
39944590
989736028
59228036
1273791747
687575657
1588525402
1383932361
1515934707
1072948182
1406240205
536378457
632910184
527484134
780156467
25010176
1371006551
2111277362
1487959859
922906873
412118071
2074138352
471774032
1888053167
1306081806
590128150
1216492190
602885621
1442481923
1735421275
627883914
767654850
1338957196
1727115263
1553829977
466028642
1434089178
1589623361
1996786735
591079717
1218870111
1080376675
1060875465
758915797
1832629605
1467071481
1676095052
463471763
1101474630
541244188
768422847
586449757
414683709
1483286209
28401941
2101923885
1001685265
1410754824
1434277116
630933327
1388920088
19010505
417961382
997812955
38649428
781551224
1349042598
1432606856
1794716527
1570344567
2004454999
1528881208
2122448353
255077186
143087396
785804382
9340870
512005925
19932800
421416203
974643338
2111221477
641977636
339801633
2022935395
1045320165
1410220079
480012726
1549914491
1303464728
762935307
1078842365
1618763884
651707998
1222047212
1088045587
413288573
960435724
1193714307
2027117212
1115661651
1875411361
163543987
1335673713
1139299321
1912802753
1982411509
289535097
101417805
1340474568
938139726
1145359801
354722557
1008965568
746484195
1489184615
1910509581
980436469
971849868
1373750264
1007173825
1048708373
865688221
1311776953
2014740139
1632013678
830466185
1187135828
1582790710
1901230881
576488197
812360621
1625559699
236785048
535699045
1848684884
45067983
1393515391
275544547
1628740637
970198482
350802017
820702035
140549228
2087955637
1783460688
1084471235
417623467
2058442136
525902753
914784172
1182119728
2124485771
1987119480
1826389924
1542713116
1267556127
1737804465
1902038854
1678924615
1088353554
691592497
2133996560
1641741000
1616460704
148858973
1427827720
435980395
835442554
2054511244
2103297333
1546718992
1189880059
1334921179
249898374
2108157998
854368538
626707902
553001209
1121368004
206395772
1358447588
1118697154
309976745
133953430
1066596300
1771897018
1132539868
1292357152
944116501
306819821
1674337487
987292798
1045484967
1370298370
1605771142
2119980039
316638988
1878656519
517149896
1579553500
625732325
1338612073
1665485170
997048169
548255638
521960907
232367219
376557301
1897459590
577372230
1651183609
806428180
2035232680
1635561089
676984537
1428604972
1530905469
2098382911
20123905
1488442556
448675161
194595614
994887886
1282956985
1823328891
1059474308
1137134279
957222885
1326238166
212679893
1561574666
1689049603
1473608663
774970860
1826348566
2127071352
771294166
563061901
1343990211
702343268
1121099476
1404292079
1570916240
239959360
1036157736
801202377
780381812
614861580
369009648
531315818
405346252
56056597
922279449
740490327
1120100712
1829704652
1797590590
113484596
789506120
571915867
2143189705
1364486196
548120448
1780500816
993396157
1088735101
1011353526
1306020995
151537107
1696718969
1995361909
665932056
765817022
1784673740
1707167348
1503392411
855687619
1521147785
1101090684
1101613909
1814653410
1863873342
1976647247
64074019
1106814282
1433254678
229986650
1707851509
279892637
442921157
325570794
1985413396
1650204036
1410397358
524382614
325898127
702833766
1502385020
868580857
1884392059
517234150
740358061
339535391
1709604652
1543255831
838094499
202348059
386400459
1085701691
1335337082
652658627
1566874763
1993744611
1521522321
609954304
535303304
1380308814
963264725
1616174703
571300353
1497890897
132071348
1298882467
658990937
1836552447
221645687
1082939755
225411715
1782220567
856704340
1856775266
1379514684
520868950
2142286454
1270928541
1431663848
2109039920
714423902
869288104
1005385149
1416406457
979007814
10706957
1281040949
1331003671
2069679765
1715780576
1362156198
2129028466
1806057609
509160176
563830573
279361630
850241936
959725113
2138074579
640076703
1176645534
1591414121
1089850663
929314916
185639249
1407863670
1508404138
395628538
1711303231
1195483380
464527610
79948394
1025851891
485811647
832421824
1867875910
1206789398
650157383
1596798826
2017997452
15617822
1060767135
431503827
1133224421
1359214332
1249627394
1792522481
1165982255
625933011
1177549293
2127914303
1696615757
435286799
1565662227
1835066902
880832154
1509885810
1864592856
1634050597
731230156
1655756360
283816953
590226425
1478926566
209060648
368069498
1215759115
525620358
66641140
553135045
1906344201
1648845719
751438497
632493130
1830027773
1867277561
622753519
1921804330
771985638
941886262
1208057911
299395649
1988052721
491681199
60578928
60948457
2036506042
574534080
544115725
479425859
203573570
1303831872
1878597962
1222978558
762616575
2146539139
1965587133
1027214956
1936205750
829194288
1003425822
1221859304
193202779
1565453060
113240244
71875741
1424719656
1794700793
337260139
655375912
1437091658
1714857715
694053351
2034448920
1449414446
865803673
587640297
1558979641
1999360877
92641545
1805286209
1902507792
1730837914
1519237168
260852692
1817977216
1857056005
830298550
1932663062
480115367
1030719487
143244129
1399139836
1084895027
477769945
1018912684
1631744413
1465214210
1112563620
264540782
2030330903
39944590
989736028
59228036
1273791747
687575657
1588525402
1383932361
1515934707
1072948182
1406240205
536378457
632910184
527484134
780156467
25010176
1371006551
2111277362
1487959859
922906873
412118071
2074138352
471774032
1888053167
1306081806
590128150
1216492190
602885621
1442481923
1735421275
627883914
767654850
1338957196
1727115263
1553829977
466028642
1434089178
1589623361
1996786735
591079717
1218870111
1080376675
1060875465
758915797
1832629605
1467071481
1676095052
463471763
1101474630
541244188
768422847
586449757
414683709
1483286209
28401941
2101923885
1001685265
1410754824
1434277116
630933327
1388920088
19010505
417961382
997812955
38649428
781551224
1349042598
1432606856
1794716527
1570344567
2004454999
1528881208
2122448353
255077186
143087396
785804382
9340870
512005925
19932800
421416203
974643338
2111221477
641977636
339801633
2022935395
1045320165
1410220079
480012726
1549914491
1303464728
762935307
1078842365
1618763884
651707998
1222047212
1088045587
413288573
960435724
1193714307
2027117212
1115661651
1875411361
163543987
1335673713
1139299321
1912802753
1982411509
289535097
101417805
1340474568
938139726
1145359801
354722557
1008965568
746484195
1489184615
1910509581
980436469
971849868
1373750264
1007173825
1048708373
865688221
1311776953
2014740139
1632013678
830466185
1187135828
1582790710
1901230881
576488197
812360621
1625559699
236785048
535699045
1848684884
45067983
1393515391
275544547
1628740637
970198482
350802017
820702035
140549228
2087955637
1783460688
1084471235
417623467
2058442136
525902753
914784172
1182119728
2124485771
1987119480
1826389924
1542713116
1267556127
1737804465
1902038854
1678924615
1088353554
691592497
2133996560
1641741000
1616460704
148858973
1427827720
435980395
835442554
2054511244
2103297333
1546718992
1189880059
1334921179
249898374
2108157998
854368538
626707902
553001209
1121368004
206395772
1358447588
1118697154
309976745
133953430
1066596300
1771897018
1132539868
1292357152
944116501
306819821
1674337487
987292798
1045484967
1370298370
1605771142
2119980039
316638988
1878656519
517149896
1579553500
625732325
1338612073
1665485170
997048169
548255638
521960907
232367219
376557301
1897459590
577372230
1651183609
806428180
2035232680
1635561089
676984537
1428604972
1530905469
2098382911
20123905
1488442556
448675161
194595614
994887886
1282956985
1823328891
1059474308
1137134279
957222885
1326238166
212679893
1561574666
1689049603
1473608663
774970860
1826348566
2127071352
771294166
563061901
1343990211
702343268
1121099476
1404292079
1570916240
239959360
1036157736
801202377
780381812
614861580
369009648
531315818
405346252
56056597
922279449
740490327
1120100712
1829704652
1797590590
113484596
789506120
571915867
2143189705
1364486196
548120448
1780500816
993396157
1088735101
1011353526
1306020995
151537107
1696718969
1995361909
665932056
765817022
1784673740
1707167348
1503392411
855687619
1521147785
1101090684
1101613909
1814653410
1863873342
1976647247
64074019
1106814282
1433254678
229986650
1707851509
279892637
442921157
325570794
1985413396
1650204036
1410397358
524382614
325898127
702833766
1502385020
868580857
1884392059
517234150
740358061
339535391
1709604652
1543255831
838094499
202348059
386400459
1085701691
1335337082
652658627
1566874763
1993744611
1521522321
609954304
535303304
1380308814
963264725
1616174703
571300353
1497890897
132071348
1298882467
658990937
1836552447
221645687
1082939755
225411715
1782220567
856704340
1856775266
1379514684
520868950
2142286454
1270928541
1431663848
2109039920
714423902
869288104
1005385149
1416406457
979007814
10706957
1281040949
1331003671
2069679765
1715780576
1362156198
2129028466
1806057609
509160176
563830573
279361630
850241936
959725113
2138074579
640076703
1176645534
1591414121
1089850663
929314916
185639249
1407863670
1508404138
395628538
1711303231
1195483380
464527610
79948394
1025851891
485811647
832421824
1867875910
1206789398
650157383
1596798826
2017997452
15617822
1060767135
431503827
1133224421
1359214332
1249627394
1792522481
1165982255
625933011
1177549293
2127914303
1696615757
435286799
1565662227
1835066902
880832154
1509885810
1864592856
1634050597
731230156
1655756360
283816953
590226425
1478926566
209060648
368069498
1215759115
525620358
66641140
553135045
1906344201
1648845719
751438497
632493130
1830027773
1867277561
622753519
1921804330
771985638
941886262
1208057911
299395649
1988052721
491681199
60578928
60948457
2036506042
574534080
544115725
479425859
203573570
1303831872
1878597962
1222978558
762616575
2146539139
1965587133
1027214956
1936205750
829194288
1003425822
1221859304
193202779
1565453060
113240244
71875741
1424719656
1794700793
337260139
655375912
1437091658
1714857715
694053351
2034448920
1449414446
865803673
587640297
1558979641
1999360877
92641545
1805286209
1902507792
1730837914
1519237168
260852692
1817977216
1857056005
830298550
1932663062
480115367
1030719487
143244129
1399139836
1084895027
477769945
1018912684
1631744413
1465214210
1112563620
264540782
2030330903
39944590
989736028
59228036
1273791747
687575657
1588525402
1383932361
1515934707
1072948182
1406240205
536378457
632910184
527484134
780156467
25010176
1371006551
2111277362
1487959859
922906873
412118071
2074138352
471774032
1888053167
1306081806
590128150
1216492190
602885621
1442481923
1735421275
627883914
767654850
1338957196
1727115263
1553829977
466028642
1434089178
1589623361
1996786735
591079717
1218870111
1080376675
1060875465
758915797
1832629605
1467071481
1676095052
463471763
1101474630
541244188
768422847
586449757
414683709
1483286209
28401941
2101923885
1001685265
1410754824
1434277116
630933327
1388920088
19010505
417961382
997812955
38649428
781551224
1349042598
1432606856
1794716527
1570344567
2004454999
1528881208
2122448353
255077186
143087396
785804382
9340870
512005925
19932800
421416203
974643338
2111221477
641977636
339801633
2022935395
1045320165
1410220079
480012726
1549914491
1303464728
762935307
1078842365
1618763884
651707998
1222047212
1088045587
413288573
960435724
1193714307
2027117212
1115661651
1875411361
163543987
1335673713
1139299321
1912802753
1982411509
289535097
101417805
1340474568
938139726
1145359801
354722557
1008965568
746484195
1489184615
1910509581
980436469
971849868
1373750264
1007173825
1048708373
865688221
1311776953
2014740139
1632013678
830466185
1187135828
1582790710
1901230881
576488197
812360621
1625559699
236785048
535699045
1848684884
45067983
1393515391
275544547
1628740637
970198482
350802017
820702035
140549228
2087955637
1783460688
1084471235
417623467
2058442136
525902753
914784172
1182119728
2124485771
1987119480
1826389924
1542713116
1267556127
1737804465
1902038854
1678924615
1088353554
691592497
2133996560
1641741000
1616460704
148858973
1427827720
435980395
835442554
2054511244
2103297333
1546718992
1189880059
1334921179
249898374
2108157998
854368538
626707902
553001209
1121368004
206395772
1358447588
1118697154
309976745
133953430
1066596300
1771897018
1132539868
1292357152
944116501
306819821
1674337487
987292798
1045484967
1370298370
1605771142
2119980039
316638988
1878656519
517149896
1579553500
625732325
1338612073
1665485170
997048169
548255638
521960907
232367219
376557301
1897459590
577372230
1651183609
806428180
2035232680
1635561089
676984537
1428604972
1530905469
2098382911
20123905
1488442556
448675161
194595614
994887886
1282956985
1823328891
1059474308
1137134279
957222885
1326238166
212679893
1561574666
1689049603
1473608663
774970860
1826348566
2127071352
771294166
563061901
1343990211
702343268
1121099476
1404292079
1570916240
239959360
1036157736
801202377
780381812
614861580
369009648
531315818
405346252
56056597
922279449
740490327
1120100712
1829704652
1797590590
113484596
789506120
571915867
2143189705
1364486196
548120448
1780500816
993396157
1088735101
1011353526
1306020995
151537107
1696718969
1995361909
665932056
765817022
1784673740
1707167348
1503392411
855687619
1521147785
1101090684
1101613909
1814653410
1863873342
1976647247
64074019
1106814282
1433254678
229986650
1707851509
279892637
442921157
325570794
1985413396
1650204036
1410397358
524382614
325898127
702833766
1502385020
868580857
1884392059
517234150
740358061
339535391
1709604652
1543255831
838094499
202348059
386400459
1085701691
1335337082
652658627
1566874763
1993744611
1521522321
609954304
535303304
1380308814
963264725
1616174703
571300353
1497890897
132071348
1298882467
658990937
1836552447
221645687
1082939755
225411715
1782220567
856704340
1856775266
1379514684
520868950
2142286454
1270928541
1431663848
2109039920
714423902
869288104
1005385149
1416406457
979007814
10706957
1281040949
1331003671
2069679765
1715780576
1362156198
2129028466
1806057609
509160176
563830573
279361630
850241936
959725113
2138074579
640076703
1176645534
1591414121
1089850663
929314916
185639249
1407863670
1508404138
395628538
1711303231
1195483380
464527610
79948394
1025851891
485811647
832421824
1867875910
1206789398
650157383
1596798826
2017997452
15617822
1060767135
431503827
1133224421
1359214332
1249627394
1792522481
1165982255
625933011
1177549293
2127914303
1696615757
435286799
1565662227
1835066902
880832154
1509885810
1864592856
1634050597
731230156
1655756360
283816953
590226425
1478926566
209060648
368069498
1215759115
525620358
66641140
553135045
1906344201
1648845719
751438497
632493130
1830027773
1867277561
622753519
1921804330
771985638
941886262
1208057911
299395649
1988052721
491681199
60578928
60948457
2036506042
574534080
544115725
479425859
203573570
1303831872
1878597962
1222978558
762616575
2146539139
1965587133
1027214956
1936205750
829194288
1003425822
1221859304
193202779
1565453060
113240244
71875741
1424719656
1794700793
337260139
655375912
1437091658
1714857715
694053351
2034448920
1449414446
865803673
587640297
1558979641
1999360877
92641545
1805286209
1902507792
1730837914
1519237168
260852692
1817977216
1857056005
830298550
1932663062
480115367
1030719487
143244129
1399139836
1084895027
477769945
1018912684
1631744413
1465214210
1112563620
264540782
2030330903
39944590
989736028
59228036
1273791747
687575657
1588525402
1383932361
1515934707
1072948182
1406240205
536378457
632910184
527484134
780156467
25010176
1371006551
2111277362
1487959859
922906873
412118071
2074138352
471774032
1888053167
1306081806
590128150
1216492190
602885621
1442481923
1735421275
627883914
767654850
1338957196
1727115263
1553829977
466028642
1434089178
1589623361
1996786735
591079717
1218870111
1080376675
1060875465
758915797
1832629605
1467071481
1676095052
463471763
1101474630
541244188
768422847
586449757
414683709
1483286209
28401941
2101923885
1001685265
1410754824
1434277116
630933327
1388920088
19010505
417961382
997812955
38649428
781551224
1349042598
1432606856
1794716527
1570344567
2004454999
1528881208
2122448353
255077186
143087396
785804382
9340870
512005925
19932800
421416203
974643338
2111221477
641977636
339801633
2022935395
1045320165
1410220079
480012726
1549914491
1303464728
762935307
1078842365
1618763884
651707998
1222047212
1088045587
413288573
960435724
1193714307
2027117212
1115661651
1875411361
163543987
1335673713
1139299321
1912802753
1982411509
289535097
101417805
1340474568
938139726
1145359801
354722557
1008965568
746484195
1489184615
1910509581
980436469
971849868
1373750264
1007173825
1048708373
865688221
1311776953
2014740139
1632013678
830466185
1187135828
1582790710
1901230881
576488197
812360621
1625559699
236785048
535699045
1848684884
45067983
1393515391
275544547
1628740637
970198482
350802017
820702035
140549228
2087955637
1783460688
1084471235
417623467
2058442136
525902753
914784172
1182119728
2124485771
1987119480
1826389924
1542713116
1267556127
1737804465
1902038854
1678924615
1088353554
691592497
2133996560
1641741000
1616460704
148858973
1427827720
435980395
835442554
2054511244
2103297333
1546718992
1189880059
1334921179
249898374
2108157998
854368538
626707902
553001209
1121368004
206395772
1358447588
1118697154
309976745
133953430
1066596300
1771897018
1132539868
1292357152
944116501
306819821
1674337487
987292798
1045484967
1370298370
1605771142
2119980039
316638988
1878656519
517149896
1579553500
625732325
1338612073
1665485170
997048169
548255638
521960907
232367219
376557301
1897459590
577372230
1651183609
806428180
2035232680
1635561089
676984537
1428604972
1530905469
2098382911
20123905
1488442556
448675161
194595614
994887886
1282956985
1823328891
1059474308
1137134279
957222885
1326238166
212679893
1561574666
1689049603
1473608663
774970860
1826348566
2127071352
771294166
563061901
1343990211
702343268
1121099476
1404292079
1570916240
239959360
1036157736
801202377
780381812
614861580
369009648
531315818
405346252
56056597
922279449
740490327
1120100712
1829704652
1797590590
113484596
789506120
571915867
2143189705
1364486196
548120448
1780500816
993396157
1088735101
1011353526
1306020995
151537107
1696718969
1995361909
665932056
765817022
1784673740
1707167348
1503392411
855687619
1521147785
1101090684
1101613909
1814653410
1863873342
1976647247
64074019
1106814282
1433254678
229986650
1707851509
279892637
442921157
325570794
1985413396
1650204036
1410397358
524382614
325898127
702833766
1502385020
868580857
1884392059
517234150
740358061
339535391
1709604652
1543255831
838094499
202348059
386400459
1085701691
1335337082
652658627
1566874763
1993744611
1521522321
609954304
535303304
1380308814
963264725
1616174703
571300353
1497890897
132071348
1298882467
658990937
1836552447
221645687
1082939755
225411715
1782220567
856704340
1856775266
1379514684
520868950
2142286454
1270928541
1431663848
2109039920
714423902
869288104
1005385149
1416406457
979007814
10706957
1281040949
1331003671
2069679765
1715780576
1362156198
2129028466
1806057609
509160176
563830573
279361630
850241936
959725113
2138074579
640076703
1176645534
1591414121
1089850663
929314916
185639249
1407863670
1508404138
395628538
1711303231
1195483380
464527610
79948394
1025851891
485811647
832421824
1867875910
1206789398
650157383
1596798826
2017997452
15617822
1060767135
431503827
1133224421
1359214332
1249627394
1792522481
1165982255
625933011
1177549293
2127914303
1696615757
435286799
1565662227
1835066902
880832154
1509885810
1864592856
1634050597
731230156
1655756360
283816953
590226425
1478926566
209060648
368069498
1215759115
525620358
66641140
553135045
1906344201
1648845719
751438497
632493130
1830027773
1867277561
622753519
1921804330
771985638
941886262
1208057911
299395649
1988052721
491681199
60578928
60948457
2036506042
574534080
544115725
479425859
203573570
1303831872
1878597962
1222978558
762616575
2146539139
1965587133
1027214956
1936205750
829194288
1003425822
1221859304
193202779
1565453060
113240244
71875741
1424719656
1794700793
337260139
655375912
1437091658
1714857715
694053351
2034448920
1449414446
865803673
587640297
1558979641
1999360877
92641545
1805286209
1902507792
1730837914
1519237168
260852692
1817977216
1857056005
830298550
1932663062
480115367
1030719487
143244129
1399139836
1084895027
477769945
1018912684
1631744413
1465214210
1112563620
264540782
2030330903
39944590
989736028
59228036
1273791747
687575657
1588525402
1383932361
1515934707
1072948182
1406240205
536378457
632910184
527484134
780156467
25010176
1371006551
2111277362
1487959859
922906873
412118071
2074138352
471774032
1888053167
1306081806
590128150
1216492190
602885621
1442481923
1735421275
627883914
767654850
1338957196
1727115263
1553829977
466028642
1434089178
1589623361
1996786735
591079717
1218870111
1080376675
1060875465
758915797
1832629605
1467071481
1676095052
463471763
1101474630
541244188
768422847
586449757
414683709
1483286209
28401941
2101923885
1001685265
1410754824
1434277116
630933327
1388920088
19010505
417961382
997812955
38649428
781551224
1349042598
1432606856
1794716527
1570344567
2004454999
1528881208
2122448353
255077186
143087396
785804382
9340870
512005925
19932800
421416203
974643338
2111221477
641977636
339801633
2022935395
1045320165
1410220079
480012726
1549914491
1303464728
762935307
1078842365
1618763884
651707998
1222047212
1088045587
413288573
960435724
1193714307
2027117212
1115661651
1875411361
163543987
1335673713
1139299321
1912802753
1982411509
289535097
101417805
1340474568
938139726
1145359801
354722557
1008965568
746484195
1489184615
1910509581
980436469
971849868
1373750264
1007173825
1048708373
865688221
1311776953
2014740139
1632013678
830466185
1187135828
1582790710
1901230881
576488197
812360621
1625559699
236785048
535699045
1848684884
45067983
1393515391
275544547
1628740637
970198482
350802017
820702035
140549228
2087955637
1783460688
1084471235
417623467
2058442136
525902753
914784172
1182119728
2124485771
1987119480
1826389924
1542713116
1267556127
1737804465
1902038854
1678924615
1088353554
691592497
2133996560
1641741000
1616460704
148858973
1427827720
435980395
835442554
2054511244
2103297333
1546718992
1189880059
1334921179
249898374
2108157998
854368538
626707902
553001209
1121368004
206395772
1358447588
1118697154
309976745
133953430
1066596300
1771897018
1132539868
1292357152
944116501
306819821
1674337487
987292798
1045484967
1370298370
1605771142
2119980039
316638988
1878656519
517149896
1579553500
625732325
1338612073
1665485170
997048169
548255638
521960907
232367219
376557301
1897459590
577372230
1651183609
806428180
2035232680
1635561089
676984537
1428604972
1530905469
2098382911
20123905
1488442556
448675161
194595614
994887886
1282956985
1823328891
1059474308
1137134279
957222885
1326238166
212679893
1561574666
1689049603
1473608663
774970860
1826348566
2127071352
771294166
563061901
1343990211
702343268
1121099476
1404292079
1570916240
239959360
1036157736
801202377
780381812
614861580
369009648
531315818
405346252
56056597
922279449
740490327
1120100712
1829704652
1797590590
113484596
789506120
571915867
2143189705
1364486196
548120448
1780500816
993396157
1088735101
1011353526
1306020995
151537107
1696718969
1995361909
665932056
765817022
1784673740
1707167348
1503392411
855687619
1521147785
1101090684
1101613909
1814653410
1863873342
1976647247
64074019
1106814282
1433254678
229986650
1707851509
279892637
442921157
325570794
1985413396
1650204036
1410397358
524382614
325898127
702833766
1502385020
868580857
1884392059
517234150
740358061
339535391
1709604652
1543255831
838094499
202348059
386400459
1085701691
1335337082
652658627
1566874763
1993744611
1521522321
609954304
535303304
1380308814
963264725
1616174703
571300353
1497890897
132071348
1298882467
658990937
1836552447
221645687
1082939755
225411715
1782220567
856704340
1856775266
1379514684
520868950
2142286454
1270928541
1431663848
2109039920
714423902
869288104
1005385149
1416406457
979007814
10706957
1281040949
1331003671
2069679765
1715780576
1362156198
2129028466
1806057609
509160176
563830573
279361630
850241936
959725113
2138074579
640076703
1176645534
1591414121
1089850663
929314916
185639249
1407863670
1508404138
395628538
1711303231
1195483380
464527610
79948394
1025851891
485811647
832421824
1867875910
1206789398
650157383
1596798826
2017997452
15617822
1060767135
431503827
1133224421
1359214332
1249627394
1792522481
1165982255
625933011
1177549293
2127914303
1696615757
435286799
1565662227
1835066902
880832154
1509885810
1864592856
1634050597
731230156
1655756360
283816953
590226425
1478926566
209060648
368069498
1215759115
525620358
66641140
553135045
1906344201
1648845719
751438497
632493130
1830027773
1867277561
622753519
1921804330
771985638
941886262
1208057911
299395649
1988052721
491681199
60578928
60948457
2036506042
574534080
544115725
479425859
203573570
1303831872
1878597962
1222978558
762616575
2146539139
1965587133
1027214956
1936205750
829194288
1003425822
1221859304
193202779
1565453060
113240244
71875741
1424719656
1794700793
337260139
655375912
1437091658
1714857715
694053351
2034448920
1449414446
865803673
587640297
1558979641
1999360877
92641545
1805286209
1902507792
1730837914
1519237168
260852692
1817977216
1857056005
830298550
1932663062
480115367
1030719487
143244129
1399139836
1084895027
477769945
1018912684
1631744413
1465214210
1112563620
264540782
2030330903
39944590
989736028
59228036
1273791747
687575657
1588525402
1383932361
1515934707
1072948182
1406240205
536378457
632910184
527484134
780156467
25010176
1371006551
2111277362
1487959859
922906873
412118071
2074138352
471774032
1888053167
1306081806
590128150
1216492190
602885621
1442481923
1735421275
627883914
767654850
1338957196
1727115263
1553829977
466028642
1434089178
1589623361
1996786735
591079717
1218870111
1080376675
1060875465
758915797
1832629605
1467071481
1676095052
463471763
1101474630
541244188
768422847
586449757
414683709
1483286209
28401941
2101923885
1001685265
1410754824
1434277116
630933327
1388920088
19010505
417961382
997812955
38649428
781551224
1349042598
1432606856
1794716527
1570344567
2004454999
1528881208
2122448353
255077186
143087396
785804382
9340870
512005925
19932800
421416203
974643338
2111221477
641977636
339801633
2022935395
1045320165
1410220079
480012726
1549914491
1303464728
762935307
1078842365
1618763884
651707998
1222047212
1088045587
413288573
960435724
1193714307
2027117212
1115661651
1875411361
163543987
1335673713
1139299321
1912802753
1982411509
289535097
101417805
1340474568
938139726
1145359801
354722557
1008965568
746484195
1489184615
1910509581
980436469
971849868
1373750264
1007173825
1048708373
865688221
1311776953
2014740139
1632013678
830466185
1187135828
1582790710
1901230881
576488197
812360621
1625559699
236785048
535699045
1848684884
45067983
1393515391
275544547
1628740637
970198482
350802017
820702035
140549228
2087955637
1783460688
1084471235
417623467
2058442136
525902753
914784172
1182119728
2124485771
1987119480
1826389924
1542713116
1267556127
1737804465
1902038854
1678924615
1088353554
691592497
2133996560
1641741000
1616460704
148858973
1427827720
435980395
835442554
2054511244
2103297333
1546718992
1189880059
1334921179
249898374
2108157998
854368538
626707902
553001209
1121368004
206395772
1358447588
1118697154
309976745
133953430
1066596300
1771897018
1132539868
1292357152
944116501
306819821
1674337487
987292798
1045484967
1370298370
1605771142
2119980039
316638988
1878656519
517149896
1579553500
625732325
1338612073
1665485170
997048169
548255638
521960907
232367219
376557301
1897459590
577372230
1651183609
806428180
2035232680
1635561089
676984537
1428604972
1530905469
2098382911
20123905
1488442556
448675161
194595614
994887886
1282956985
1823328891
1059474308
1137134279
957222885
1326238166
212679893
1561574666
1689049603
1473608663
774970860
1826348566
2127071352
771294166
563061901
1343990211
702343268
1121099476
1404292079
1570916240
239959360
1036157736
801202377
780381812
614861580
369009648
531315818
405346252
56056597
922279449
740490327
1120100712
1829704652
1797590590
113484596
789506120
571915867
2143189705
1364486196
548120448
1780500816
993396157
1088735101
1011353526
1306020995
151537107
1696718969
1995361909
665932056
765817022
1784673740
1707167348
1503392411
855687619
1521147785
1101090684
1101613909
1814653410
1863873342
1976647247
64074019
1106814282
1433254678
229986650
1707851509
279892637
442921157
325570794
1985413396
1650204036
1410397358
524382614
325898127
702833766
1502385020
868580857
1884392059
517234150
740358061
339535391
1709604652
1543255831
838094499
202348059
386400459
1085701691
1335337082
652658627
1566874763
1993744611
1521522321
609954304
535303304
1380308814
963264725
1616174703
571300353
1497890897
132071348
1298882467
658990937
1836552447
221645687
1082939755
225411715
1782220567
856704340
1856775266
1379514684
520868950
2142286454
1270928541
1431663848
2109039920
714423902
869288104
1005385149
1416406457
979007814
10706957
1281040949
1331003671
2069679765
1715780576
1362156198
2129028466
1806057609
509160176
563830573
279361630
850241936
959725113
2138074579
640076703
1176645534
1591414121
1089850663
929314916
185639249
1407863670
1508404138
395628538
1711303231
1195483380
464527610
79948394
1025851891
485811647
832421824
1867875910
1206789398
650157383
1596798826
2017997452
15617822
1060767135
431503827
1133224421
1359214332
1249627394
1792522481
1165982255
625933011
1177549293
2127914303
1696615757
435286799
1565662227
1835066902
880832154
1509885810
1864592856
1634050597
731230156
1655756360
283816953
590226425
1478926566
209060648
368069498
1215759115
525620358
66641140
553135045
1906344201
1648845719
751438497
632493130
1830027773
1867277561
622753519
1921804330
771985638
941886262
1208057911
299395649
1988052721
491681199
60578928
60948457
2036506042
574534080
544115725
479425859
203573570
1303831872
1878597962
1222978558
762616575
2146539139
1965587133
1027214956
1936205750
829194288
1003425822
1221859304
193202779
1565453060
113240244
71875741
1424719656
1794700793
337260139
655375912
1437091658
1714857715
694053351
2034448920
1449414446
865803673
587640297
1558979641
1999360877
92641545
1805286209
1902507792
1730837914
1519237168
260852692
1817977216
1857056005
830298550
1932663062
480115367
1030719487
143244129
1399139836
1084895027
477769945
1018912684
1631744413
1465214210
1112563620
264540782
2030330903
39944590
989736028
59228036
1273791747
687575657
1588525402
1383932361
1515934707
1072948182
1406240205
536378457
632910184
527484134
780156467
25010176
1371006551
2111277362
1487959859
922906873
412118071
2074138352
471774032
1888053167
1306081806
590128150
1216492190
602885621
1442481923
1735421275
627883914
767654850
1338957196
1727115263
1553829977
466028642
1434089178
1589623361
1996786735
591079717
1218870111
1080376675
1060875465
758915797
1832629605
1467071481
1676095052
463471763
1101474630
541244188
768422847
586449757
414683709
1483286209
28401941
2101923885
1001685265
1410754824
1434277116
630933327
1388920088
19010505
417961382
997812955
38649428
781551224
1349042598
1432606856
1794716527
1570344567
2004454999
1528881208
2122448353
255077186
143087396
785804382
9340870
512005925
19932800
421416203
974643338
2111221477
641977636
339801633
2022935395
1045320165
1410220079
480012726
1549914491
1303464728
762935307
1078842365
1618763884
651707998
1222047212
1088045587
413288573
960435724
1193714307
2027117212
1115661651
1875411361
163543987
1335673713
1139299321
1912802753
1982411509
289535097
101417805
1340474568
938139726
1145359801
354722557
1008965568
746484195
1489184615
1910509581
980436469
971849868
1373750264
1007173825
1048708373
865688221
1311776953
2014740139
1632013678
830466185
1187135828
1582790710
1901230881
576488197
812360621
1625559699
236785048
535699045
1848684884
45067983
1393515391
275544547
1628740637
970198482
350802017
820702035
140549228
2087955637
1783460688
1084471235
417623467
2058442136
525902753
914784172
1182119728
2124485771
1987119480
1826389924
1542713116
1267556127
1737804465
1902038854
1678924615
1088353554
691592497
2133996560
1641741000
1616460704
148858973
1427827720
435980395
835442554
2054511244
2103297333
1546718992
1189880059
1334921179
249898374
2108157998
854368538
626707902
553001209
1121368004
206395772
1358447588
1118697154
309976745
133953430
1066596300
1771897018
1132539868
1292357152
944116501
306819821
1674337487
987292798
1045484967
1370298370
1605771142
2119980039
316638988
1878656519
517149896
1579553500
625732325
1338612073
1665485170
997048169
548255638
521960907
232367219
376557301
1897459590
577372230
1651183609
806428180
2035232680
1635561089
676984537
1428604972
1530905469
2098382911
20123905
1488442556
448675161
194595614
994887886
1282956985
1823328891
1059474308
1137134279
957222885
1326238166
212679893
1561574666
1689049603
1473608663
774970860
1826348566
2127071352
771294166
563061901
1343990211
702343268
1121099476
1404292079
1570916240
239959360
1036157736
801202377
780381812
614861580
369009648
531315818
405346252
56056597
922279449
740490327
1120100712
1829704652
1797590590
113484596
789506120
571915867
2143189705
1364486196
548120448
1780500816
993396157
1088735101
1011353526
1306020995
151537107
1696718969
1995361909
665932056
765817022
1784673740
1707167348
1503392411
855687619
1521147785
1101090684
1101613909
1814653410
1863873342
1976647247
64074019
1106814282
1433254678
229986650
1707851509
279892637
442921157
325570794
1985413396
1650204036
1410397358
524382614
325898127
702833766
1502385020
868580857
1884392059
517234150
740358061
339535391
1709604652
1543255831
838094499
202348059
386400459
1085701691
1335337082
652658627
1566874763
1993744611
1521522321
609954304
535303304
1380308814
963264725
1616174703
571300353
1497890897
132071348
1298882467
658990937
1836552447
221645687
1082939755
225411715
1782220567
856704340
1856775266
1379514684
520868950
2142286454
1270928541
1431663848
2109039920
714423902
869288104
1005385149
1416406457
979007814
10706957
1281040949
1331003671
2069679765
1715780576
1362156198
2129028466
1806057609
509160176
563830573
279361630
850241936
959725113
2138074579
640076703
1176645534
1591414121
1089850663
929314916
185639249
1407863670
1508404138
395628538
1711303231
1195483380
464527610
79948394
1025851891
485811647
832421824
1867875910
1206789398
650157383
1596798826
2017997452
15617822
1060767135
431503827
1133224421
1359214332
1249627394
1792522481
1165982255
625933011
1177549293
2127914303
1696615757
435286799
1565662227
1835066902
880832154
1509885810
1864592856
1634050597
731230156
1655756360
283816953
590226425
1478926566
209060648
368069498
1215759115
525620358
66641140
553135045
1906344201
1648845719
751438497
632493130
1830027773
1867277561
622753519
1921804330
771985638
941886262
1208057911
299395649
1988052721
491681199
60578928
60948457
2036506042
574534080
544115725
479425859
203573570
1303831872
1878597962
1222978558
762616575
2146539139
1965587133
1027214956
1936205750
829194288
1003425822
1221859304
193202779
1565453060
113240244
71875741
1424719656
1794700793
337260139
655375912
1437091658
1714857715
694053351
2034448920
1449414446
865803673
587640297
1558979641
1999360877
92641545
1805286209
1902507792
1730837914
1519237168
260852692
1817977216
1857056005
830298550
1932663062
480115367
1030719487
143244129
1399139836
1084895027
477769945
1018912684
1631744413
1465214210
1112563620
264540782
2030330903
39944590
989736028
59228036
1273791747
687575657
1588525402
1383932361
1515934707
1072948182
1406240205
536378457
632910184
527484134
780156467
25010176
1371006551
2111277362
1487959859
922906873
412118071
2074138352
471774032
1888053167
1306081806
590128150
1216492190
602885621
1442481923
1735421275
627883914
767654850
1338957196
1727115263
1553829977
466028642
1434089178
1589623361
1996786735
591079717
1218870111
1080376675
1060875465
758915797
1832629605
1467071481
1676095052
463471763
1101474630
541244188
768422847
586449757
414683709
1483286209
28401941
2101923885
1001685265
1410754824
1434277116
630933327
1388920088
19010505
417961382
997812955
38649428
781551224
1349042598
1432606856
1794716527
1570344567
2004454999
1528881208
2122448353
255077186
143087396
785804382
9340870
512005925
19932800
421416203
974643338
2111221477
641977636
339801633
2022935395
1045320165
1410220079
480012726
1549914491
1303464728
762935307
1078842365
1618763884
651707998
1222047212
1088045587
413288573
960435724
1193714307
2027117212
1115661651
1875411361
163543987
1335673713
1139299321
1912802753
1982411509
289535097
101417805
1340474568
938139726
1145359801
354722557
1008965568
746484195
1489184615
1910509581
980436469
971849868
1373750264
1007173825
1048708373
865688221
1311776953
2014740139
1632013678
830466185
1187135828
1582790710
1901230881
576488197
812360621
1625559699
236785048
535699045
1848684884
45067983
1393515391
275544547
1628740637
970198482
350802017
820702035
140549228
2087955637
1783460688
1084471235
417623467
2058442136
525902753
914784172
1182119728
2124485771
1987119480
1826389924
1542713116
1267556127
1737804465
1902038854
1678924615
1088353554
691592497
2133996560
1641741000
1616460704
148858973
1427827720
435980395
835442554
2054511244
2103297333
1546718992
1189880059
1334921179
249898374
2108157998
854368538
626707902
553001209
1121368004
206395772
1358447588
1118697154
309976745
133953430
1066596300
1771897018
1132539868
1292357152
944116501
306819821
1674337487
987292798
1045484967
1370298370
1605771142
2119980039
316638988
1878656519
517149896
1579553500
625732325
1338612073
1665485170
997048169
548255638
521960907
232367219
376557301
1897459590
577372230
1651183609
806428180
2035232680
1635561089
676984537
1428604972
1530905469
2098382911
20123905
1488442556
448675161
194595614
994887886
1282956985
1823328891
1059474308
1137134279
957222885
1326238166
212679893
1561574666
1689049603
1473608663
774970860
1826348566
2127071352
771294166
563061901
1343990211
702343268
1121099476
1404292079
1570916240
239959360
1036157736
801202377
780381812
614861580
369009648
531315818
405346252
56056597
922279449
740490327
1120100712
1829704652
1797590590
113484596
789506120
571915867
2143189705
1364486196
548120448
1780500816
993396157
1088735101
1011353526
1306020995
151537107
1696718969
1995361909
665932056
765817022
1784673740
1707167348
1503392411
855687619
1521147785
1101090684
1101613909
1814653410
1863873342
1976647247
64074019
1106814282
1433254678
229986650
1707851509
279892637
442921157
325570794
1985413396
1650204036
1410397358
524382614
325898127
702833766
1502385020
868580857
1884392059
517234150
740358061
339535391
1709604652
1543255831
838094499
202348059
386400459
1085701691
1335337082
652658627
1566874763
1993744611
1521522321
609954304
535303304
1380308814
963264725
1616174703
571300353
1497890897
132071348
1298882467
658990937
1836552447
221645687
1082939755
225411715
1782220567
856704340
1856775266
1379514684
520868950
2142286454
1270928541
1431663848
2109039920
714423902
869288104
1005385149
1416406457
979007814
10706957
1281040949
1331003671
2069679765
1715780576
1362156198
2129028466
1806057609
509160176
563830573
279361630
850241936
959725113
2138074579
640076703
1176645534
1591414121
1089850663
929314916
185639249
1407863670
1508404138
395628538
1711303231
1195483380
464527610
79948394
1025851891
485811647
832421824
1867875910
1206789398
650157383
1596798826
2017997452
15617822
1060767135
431503827
1133224421
1359214332
1249627394
1792522481
1165982255
625933011
1177549293
2127914303
1696615757
435286799
1565662227
1835066902
880832154
1509885810
1864592856
1634050597
731230156
1655756360
283816953
590226425
1478926566
209060648
368069498
1215759115
525620358
66641140
553135045
1906344201
1648845719
751438497
632493130
1830027773
1867277561
622753519
1921804330
771985638
941886262
1208057911
299395649
1988052721
491681199
60578928
60948457
2036506042
574534080
544115725
479425859
203573570
1303831872
1878597962
1222978558
762616575
2146539139
1965587133
1027214956
1936205750
829194288
1003425822
1221859304
193202779
1565453060
113240244
71875741
1424719656
1794700793
337260139
655375912
1437091658
1714857715
694053351
2034448920
1449414446
865803673
587640297
1558979641
1999360877
92641545
1805286209
1902507792
1730837914
1519237168
260852692
1817977216
1857056005
830298550
1932663062
480115367
1030719487
143244129
1399139836
1084895027
477769945
1018912684
1631744413
1465214210
1112563620
264540782
2030330903
39944590
989736028
59228036
1273791747
687575657
1588525402
1383932361
1515934707
1072948182
1406240205
536378457
632910184
527484134
780156467
25010176
1371006551
2111277362
1487959859
922906873
412118071
2074138352
471774032
1888053167
1306081806
590128150
1216492190
602885621
1442481923
1735421275
627883914
767654850
1338957196
1727115263
1553829977
466028642
1434089178
1589623361
1996786735
591079717
1218870111
1080376675
1060875465
758915797
1832629605
1467071481
1676095052
463471763
1101474630
541244188
768422847
586449757
414683709
1483286209
28401941
2101923885
1001685265
1410754824
1434277116
630933327
1388920088
19010505
417961382
997812955
38649428
781551224
1349042598
1432606856
1794716527
1570344567
2004454999
1528881208
2122448353
255077186
143087396
785804382
9340870
512005925
19932800
421416203
974643338
2111221477
641977636
339801633
2022935395
1045320165
1410220079
480012726
1549914491
1303464728
762935307
1078842365
1618763884
651707998
1222047212
1088045587
413288573
960435724
1193714307
2027117212
1115661651
1875411361
163543987
1335673713
1139299321
1912802753
1982411509
289535097
101417805
1340474568
938139726
1145359801
354722557
1008965568
746484195
1489184615
1910509581
980436469
971849868
1373750264
1007173825
1048708373
865688221
1311776953
2014740139
1632013678
830466185
1187135828
1582790710
1901230881
576488197
812360621
1625559699
236785048
535699045
1848684884
45067983
1393515391
275544547
1628740637
970198482
350802017
820702035
140549228
2087955637
1783460688
1084471235
417623467
2058442136
525902753
914784172
1182119728
2124485771
1987119480
1826389924
1542713116
1267556127
1737804465
1902038854
1678924615
1088353554
691592497
2133996560
1641741000
1616460704
148858973
1427827720
435980395
835442554
2054511244
2103297333
1546718992
1189880059
1334921179
249898374
2108157998
854368538
626707902
553001209
1121368004
206395772
1358447588
1118697154
309976745
133953430
1066596300
1771897018
1132539868
1292357152
944116501
306819821
1674337487
987292798
1045484967
1370298370
1605771142
2119980039
316638988
1878656519
517149896
1579553500
625732325
1338612073
1665485170
997048169
548255638
521960907
232367219
376557301
1897459590
577372230
1651183609
806428180
2035232680
1635561089
676984537
1428604972
1530905469
2098382911
20123905
1488442556
448675161
194595614
994887886
1282956985
1823328891
1059474308
1137134279
957222885
1326238166
212679893
1561574666
1689049603
1473608663
774970860
1826348566
2127071352
771294166
563061901
1343990211
702343268
1121099476
1404292079
1570916240
239959360
1036157736
801202377
780381812
614861580
369009648
531315818
405346252
56056597
922279449
740490327
1120100712
1829704652
1797590590
113484596
789506120
